N = 20 box size = [10,10]
[7.53232171 1.61068181] [7.21577174 3.99412527]
[7.21577174 3.99412527] [5.31316831 4.37536527]
[5.31316831 4.37536527] [4.66048928 2.78665817]
[4.66048928 2.78665817] [6.69945822 0.1631487 ]
[6.69945822 0.1631487 ] [7.53232171 1.61068181]
[20, 18, 29, 30, 19]
True
[7.86945577 8.12381784] [7.90913513 7.20306901]
[7.90913513 7.20306901] [8.80371829 5.12758716]
[8.80371829 5.12758716] [9.39843162 4.87839778]
[9.39843162 4.87839778] [10.77943386  7.71959212]
[10.77943386  7.71959212] [10.68361727  7.85585442]
[10.68361727  7.85585442] [7.87600837 8.17776388]
[7.87600837 8.17776388] [7.86945577 8.12381784]
[23, 11, 15, 16, 35, 36, 22]
True
[2.51589582 9.8209388 ] [ 2.76158866 10.16840424]
[ 2.76158866 10.16840424] [ 2.67185186 10.87081036]
[ 2.67185186 10.87081036] [ 1.17110406 11.82740751]
[ 1.17110406 11.82740751] [ 0.66850902 11.62828985]
[ 0.66850902 11.62828985] [0.93993427 9.80883079]
[0.93993427 9.80883079] [1.5470234  9.51837289]
[1.5470234  9.51837289] [2.51589582 9.8209388 ]
[39, 21, 3, 4, 5, 37, 38]
True
[1.85404135 4.01069198] [3.47711542 2.49778206]
[3.47711542 2.49778206] [2.67185186 0.87081036]
[2.67185186 0.87081036] [1.17110406 1.82740751]
[1.17110406 1.82740751] [1.41986616 4.20101673]
[1.41986616 4.20101673] [1.59110703 4.13435071]
[1.59110703 4.13435071] [1.85404135 4.01069198]
[32, 31, 3, 4, 8, 7]
False
[7, 8, 4, 3, 31, 32]
[5.06368002 4.92369305] [1.85404135 4.01069198]
[1.85404135 4.01069198] [3.47711542 2.49778206]
[3.47711542 2.49778206] [4.66048928 2.78665817]
[4.66048928 2.78665817] [5.31316831 4.37536527]
[5.31316831 4.37536527] [5.06368002 4.92369305]
[28, 32, 31, 30, 29]
True
[5.04624876 5.05327524] [4.54754846 5.83672444]
[4.54754846 5.83672444] [1.59110703 4.13435071]
[1.59110703 4.13435071] [1.85404135 4.01069198]
[1.85404135 4.01069198] [5.06368002 4.92369305]
[5.06368002 4.92369305] [5.04624876 5.05327524]
[12, 13, 7, 32, 28]
True
[0.06215622 1.60531305] [-0.41368082  0.02359626]
[-0.41368082  0.02359626] [-2.37691941 -0.91779373]
[-2.37691941 -0.91779373] [-3.30114677  0.13418051]
[-3.30114677  0.13418051] [-3.30054178  0.1631487 ]
[-3.30054178  0.1631487 ] [-2.46767829  1.61068181]
[-2.46767829  1.61068181] [-0.72614628  2.30777031]
[-0.72614628  2.30777031] [0.06215622 1.60531305]
[2, 10, 6, 1, 19, 20, 14]
False
[14, 20, 19, 1, 6, 10, 2]
[7.53232171 1.61068181] [7.21577174 3.99412527]
[7.21577174 3.99412527] [5.31316831 4.37536527]
[5.31316831 4.37536527] [4.66048928 2.78665817]
[4.66048928 2.78665817] [6.69945822 0.1631487 ]
[6.69945822 0.1631487 ] [7.53232171 1.61068181]
[20, 18, 29, 30, 19]
True
[2.76158866 0.16840424] [2.67185186 0.87081036]
[2.67185186 0.87081036] [3.47711542 2.49778206]
[3.47711542 2.49778206] [4.66048928 2.78665817]
[4.66048928 2.78665817] [6.69945822 0.1631487 ]
[6.69945822 0.1631487 ] [6.69885323 0.13418051]
[6.69885323 0.13418051] [ 5.81989199 -0.16000275]
[ 5.81989199 -0.16000275] [2.76158866 0.16840424]
[21, 3, 31, 30, 19, 1, 0]
False
[0, 1, 19, 30, 31, 3, 21]
[0.66850902 1.62828985] [0.06215622 1.60531305]
[0.06215622 1.60531305] [-0.41368082  0.02359626]
[-0.41368082  0.02359626] [ 0.93993427 -0.19116921]
[ 0.93993427 -0.19116921] [0.66850902 1.62828985]
[5, 2, 10, 37]
True
[2.20840814 6.54012604] [0.77943386 7.71959212]
[0.77943386 7.71959212] [-0.60156838  4.87839778]
[-0.60156838  4.87839778] [-0.02440227  4.51689129]
[-0.02440227  4.51689129] [1.14138818 4.48179353]
[1.14138818 4.48179353] [2.20840814 6.54012604]
[33, 35, 16, 17, 9]
True
[7.90913513 7.20306901] [7.86945577 8.12381784]
[7.86945577 8.12381784] [4.32657774 6.25618588]
[4.32657774 6.25618588] [4.54754846 5.83672444]
[4.54754846 5.83672444] [5.04624876 5.05327524]
[5.04624876 5.05327524] [7.90913513 7.20306901]
[11, 23, 25, 13, 12]
True
[3.71567718 7.00019611] [3.68078646 6.96328912]
[3.68078646 6.96328912] [3.40087796 7.02583046]
[3.40087796 7.02583046] [2.51589582 9.8209388 ]
[2.51589582 9.8209388 ] [ 2.76158866 10.16840424]
[ 2.76158866 10.16840424] [5.81989199 9.83999725]
[5.81989199 9.83999725] [3.71567718 7.00019611]
[26, 27, 34, 39, 21, 0]
False
[0, 21, 39, 34, 27, 26]
[7.53232171 1.61068181] [7.21577174 3.99412527]
[7.21577174 3.99412527] [8.80371829 5.12758716]
[8.80371829 5.12758716] [9.39843162 4.87839778]
[9.39843162 4.87839778] [9.97559773 4.51689129]
[9.97559773 4.51689129] [9.27385372 2.30777031]
[9.27385372 2.30777031] [7.53232171 1.61068181]
[20, 18, 15, 16, 17, 14]
False
[14, 17, 16, 15, 18, 20]
[4.32657774 6.25618588] [7.86945577 8.12381784]
[7.86945577 8.12381784] [7.90913513 7.20306901]
[7.90913513 7.20306901] [5.04624876 5.05327524]
[5.04624876 5.05327524] [4.54754846 5.83672444]
[4.54754846 5.83672444] [4.32657774 6.25618588]
[25, 23, 11, 12, 13]
False
[13, 12, 11, 23, 25]
[3.68078646 6.96328912] [3.71567718 7.00019611]
[3.71567718 7.00019611] [7.8311143  8.30171637]
[7.8311143  8.30171637] [7.87600837 8.17776388]
[7.87600837 8.17776388] [7.86945577 8.12381784]
[7.86945577 8.12381784] [4.32657774 6.25618588]
[4.32657774 6.25618588] [3.68078646 6.96328912]
[27, 26, 24, 22, 23, 25]
False
[25, 23, 22, 24, 26, 27]
[1.14138818 4.48179353] [-0.02440227  4.51689129]
[-0.02440227  4.51689129] [-0.60156838  4.87839778]
[-0.60156838  4.87839778] [0.77943386 7.71959212]
[0.77943386 7.71959212] [2.20840814 6.54012604]
[2.20840814 6.54012604] [1.14138818 4.48179353]
[9, 17, 16, 35, 33]
False
[33, 35, 16, 17, 9]
[1.59110703 4.13435071] [4.54754846 5.83672444]
[4.54754846 5.83672444] [4.32657774 6.25618588]
[4.32657774 6.25618588] [3.68078646 6.96328912]
[3.68078646 6.96328912] [3.40087796 7.02583046]
[3.40087796 7.02583046] [2.20840814 6.54012604]
[2.20840814 6.54012604] [1.14138818 4.48179353]
[1.14138818 4.48179353] [1.41986616 4.20101673]
[1.41986616 4.20101673] [1.59110703 4.13435071]
[7, 13, 25, 27, 34, 33, 9, 8]
True
[4.32657774 6.25618588] [7.86945577 8.12381784]
[7.86945577 8.12381784] [7.87600837 8.17776388]
[7.87600837 8.17776388] [7.8311143  8.30171637]
[7.8311143  8.30171637] [3.71567718 7.00019611]
[3.71567718 7.00019611] [3.68078646 6.96328912]
[3.68078646 6.96328912] [4.32657774 6.25618588]
[25, 23, 22, 24, 26, 27]
True
[3.47711542 2.49778206] [2.67185186 0.87081036]
[2.67185186 0.87081036] [2.76158866 0.16840424]
[2.76158866 0.16840424] [ 5.81989199 -0.16000275]
[ 5.81989199 -0.16000275] [6.69885323 0.13418051]
[6.69885323 0.13418051] [6.69945822 0.1631487 ]
[6.69945822 0.1631487 ] [4.66048928 2.78665817]
[4.66048928 2.78665817] [3.47711542 2.49778206]
[31, 3, 21, 0, 1, 19, 30]
True
[1.85404135 4.01069198] [1.59110703 4.13435071]
[1.59110703 4.13435071] [1.41986616 4.20101673]
[1.41986616 4.20101673] [1.17110406 1.82740751]
[1.17110406 1.82740751] [2.67185186 0.87081036]
[2.67185186 0.87081036] [3.47711542 2.49778206]
[3.47711542 2.49778206] [1.85404135 4.01069198]
[32, 7, 8, 4, 3, 31]
True
[5.06368002 4.92369305] [5.31316831 4.37536527]
[5.31316831 4.37536527] [7.21577174 3.99412527]
[7.21577174 3.99412527] [8.80371829 5.12758716]
[8.80371829 5.12758716] [7.90913513 7.20306901]
[7.90913513 7.20306901] [5.04624876 5.05327524]
[5.04624876 5.05327524] [5.06368002 4.92369305]
[28, 29, 18, 15, 11, 12]
True
[5.04624876 5.05327524] [4.54754846 5.83672444]
[4.54754846 5.83672444] [4.32657774 6.25618588]
[4.32657774 6.25618588] [7.86945577 8.12381784]
[7.86945577 8.12381784] [7.90913513 7.20306901]
[7.90913513 7.20306901] [5.04624876 5.05327524]
[12, 13, 25, 23, 11]
False
[11, 23, 25, 13, 12]
[8.80371829 5.12758716] [9.39843162 4.87839778]
[9.39843162 4.87839778] [10.77943386  7.71959212]
[10.77943386  7.71959212] [10.68361727  7.85585442]
[10.68361727  7.85585442] [7.87600837 8.17776388]
[7.87600837 8.17776388] [7.86945577 8.12381784]
[7.86945577 8.12381784] [7.90913513 7.20306901]
[7.90913513 7.20306901] [8.80371829 5.12758716]
[15, 16, 35, 36, 22, 23, 11]
True
[7.21577174 3.99412527] [7.53232171 1.61068181]
[7.53232171 1.61068181] [9.27385372 2.30777031]
[9.27385372 2.30777031] [9.97559773 4.51689129]
[9.97559773 4.51689129] [9.39843162 4.87839778]
[9.39843162 4.87839778] [8.80371829 5.12758716]
[8.80371829 5.12758716] [7.21577174 3.99412527]
[18, 20, 14, 17, 16, 15]
True
[5.31316831 4.37536527] [4.66048928 2.78665817]
[4.66048928 2.78665817] [6.69945822 0.1631487 ]
[6.69945822 0.1631487 ] [7.53232171 1.61068181]
[7.53232171 1.61068181] [7.21577174 3.99412527]
[7.21577174 3.99412527] [5.31316831 4.37536527]
[29, 30, 19, 20, 18]
True
[5.06368002 4.92369305] [1.85404135 4.01069198]
[1.85404135 4.01069198] [3.47711542 2.49778206]
[3.47711542 2.49778206] [4.66048928 2.78665817]
[4.66048928 2.78665817] [5.31316831 4.37536527]
[5.31316831 4.37536527] [5.06368002 4.92369305]
[28, 32, 31, 30, 29]
True
[5.06368002 4.92369305] [1.85404135 4.01069198]
[1.85404135 4.01069198] [1.59110703 4.13435071]
[1.59110703 4.13435071] [4.54754846 5.83672444]
[4.54754846 5.83672444] [5.04624876 5.05327524]
[5.04624876 5.05327524] [5.06368002 4.92369305]
[28, 32, 7, 13, 12]
False
[12, 13, 7, 32, 28]
[1.59110703 4.13435071] [4.54754846 5.83672444]
[4.54754846 5.83672444] [4.32657774 6.25618588]
[4.32657774 6.25618588] [3.68078646 6.96328912]
[3.68078646 6.96328912] [3.40087796 7.02583046]
[3.40087796 7.02583046] [2.20840814 6.54012604]
[2.20840814 6.54012604] [1.14138818 4.48179353]
[1.14138818 4.48179353] [1.41986616 4.20101673]
[1.41986616 4.20101673] [1.59110703 4.13435071]
[7, 13, 25, 27, 34, 33, 9, 8]
True
[1.14138818 4.48179353] [-0.02440227  4.51689129]
[-0.02440227  4.51689129] [-0.72614628  2.30777031]
[-0.72614628  2.30777031] [0.06215622 1.60531305]
[0.06215622 1.60531305] [0.66850902 1.62828985]
[0.66850902 1.62828985] [1.17110406 1.82740751]
[1.17110406 1.82740751] [1.41986616 4.20101673]
[1.41986616 4.20101673] [1.14138818 4.48179353]
[9, 17, 14, 2, 5, 4, 8]
True
[1.5470234  9.51837289] [2.51589582 9.8209388 ]
[2.51589582 9.8209388 ] [3.40087796 7.02583046]
[3.40087796 7.02583046] [2.20840814 6.54012604]
[2.20840814 6.54012604] [0.77943386 7.71959212]
[0.77943386 7.71959212] [0.68361727 7.85585442]
[0.68361727 7.85585442] [1.5470234  9.51837289]
[38, 39, 34, 33, 35, 36]
False
[36, 35, 33, 34, 39, 38]
[0.06215622 1.60531305] [-0.41368082  0.02359626]
[-0.41368082  0.02359626] [ 0.93993427 -0.19116921]
[ 0.93993427 -0.19116921] [0.66850902 1.62828985]
[0.66850902 1.62828985] [0.06215622 1.60531305]
[2, 10, 37, 5]
True
[7.53232171 1.61068181] [9.27385372 2.30777031]
[9.27385372 2.30777031] [9.97559773 4.51689129]
[9.97559773 4.51689129] [9.39843162 4.87839778]
[9.39843162 4.87839778] [8.80371829 5.12758716]
[8.80371829 5.12758716] [7.21577174 3.99412527]
[7.21577174 3.99412527] [7.53232171 1.61068181]
[20, 14, 17, 16, 15, 18]
True
[7.53232171 1.61068181] [9.27385372 2.30777031]
[9.27385372 2.30777031] [10.06215622  1.60531305]
[10.06215622  1.60531305] [9.58631918 0.02359626]
[9.58631918 0.02359626] [ 7.62308059 -0.91779373]
[ 7.62308059 -0.91779373] [6.69885323 0.13418051]
[6.69885323 0.13418051] [6.69945822 0.1631487 ]
[6.69945822 0.1631487 ] [7.53232171 1.61068181]
[20, 14, 2, 10, 6, 1, 19]
False
[19, 1, 6, 10, 2, 14, 20]
[0.93993427 9.80883079] [1.5470234  9.51837289]
[1.5470234  9.51837289] [2.51589582 9.8209388 ]
[2.51589582 9.8209388 ] [ 2.76158866 10.16840424]
[ 2.76158866 10.16840424] [ 2.67185186 10.87081036]
[ 2.67185186 10.87081036] [ 1.17110406 11.82740751]
[ 1.17110406 11.82740751] [ 0.66850902 11.62828985]
[ 0.66850902 11.62828985] [0.93993427 9.80883079]
[37, 38, 39, 21, 3, 4, 5]
True
[1.59110703 4.13435071] [4.54754846 5.83672444]
[4.54754846 5.83672444] [4.32657774 6.25618588]
[4.32657774 6.25618588] [3.68078646 6.96328912]
[3.68078646 6.96328912] [3.40087796 7.02583046]
[3.40087796 7.02583046] [2.20840814 6.54012604]
[2.20840814 6.54012604] [1.14138818 4.48179353]
[1.14138818 4.48179353] [1.41986616 4.20101673]
[1.41986616 4.20101673] [1.59110703 4.13435071]
[7, 13, 25, 27, 34, 33, 9, 8]
True
[4.54754846 5.83672444] [5.04624876 5.05327524]
[5.04624876 5.05327524] [7.90913513 7.20306901]
[7.90913513 7.20306901] [7.86945577 8.12381784]
[7.86945577 8.12381784] [4.32657774 6.25618588]
[4.32657774 6.25618588] [4.54754846 5.83672444]
[13, 12, 11, 23, 25]
True
[1.14138818 4.48179353] [-0.02440227  4.51689129]
[-0.02440227  4.51689129] [-0.60156838  4.87839778]
[-0.60156838  4.87839778] [0.77943386 7.71959212]
[0.77943386 7.71959212] [2.20840814 6.54012604]
[2.20840814 6.54012604] [1.14138818 4.48179353]
[9, 17, 16, 35, 33]
False
[33, 35, 16, 17, 9]
[5.06368002 4.92369305] [5.04624876 5.05327524]
[5.04624876 5.05327524] [7.90913513 7.20306901]
[7.90913513 7.20306901] [8.80371829 5.12758716]
[8.80371829 5.12758716] [7.21577174 3.99412527]
[7.21577174 3.99412527] [5.31316831 4.37536527]
[5.31316831 4.37536527] [5.06368002 4.92369305]
[28, 12, 11, 15, 18, 29]
False
[29, 18, 15, 11, 12, 28]
[4.66048928 2.78665817] [6.69945822 0.1631487 ]
[6.69945822 0.1631487 ] [7.53232171 1.61068181]
[7.53232171 1.61068181] [7.21577174 3.99412527]
[7.21577174 3.99412527] [5.31316831 4.37536527]
[5.31316831 4.37536527] [4.66048928 2.78665817]
[30, 19, 20, 18, 29]
True
[1.59110703 4.13435071] [4.54754846 5.83672444]
[4.54754846 5.83672444] [5.04624876 5.05327524]
[5.04624876 5.05327524] [5.06368002 4.92369305]
[5.06368002 4.92369305] [1.85404135 4.01069198]
[1.85404135 4.01069198] [1.59110703 4.13435071]
[7, 13, 12, 28, 32]
False
[32, 28, 12, 13, 7]
[5.04624876 5.05327524] [7.90913513 7.20306901]
[7.90913513 7.20306901] [7.86945577 8.12381784]
[7.86945577 8.12381784] [4.32657774 6.25618588]
[4.32657774 6.25618588] [4.54754846 5.83672444]
[4.54754846 5.83672444] [5.04624876 5.05327524]
[12, 11, 23, 25, 13]
True
[5.04624876 5.05327524] [7.90913513 7.20306901]
[7.90913513 7.20306901] [8.80371829 5.12758716]
[8.80371829 5.12758716] [7.21577174 3.99412527]
[7.21577174 3.99412527] [5.31316831 4.37536527]
[5.31316831 4.37536527] [5.06368002 4.92369305]
[5.06368002 4.92369305] [5.04624876 5.05327524]
[12, 11, 15, 18, 29, 28]
False
[28, 29, 18, 15, 11, 12]
[1.85404135 4.01069198] [3.47711542 2.49778206]
[3.47711542 2.49778206] [4.66048928 2.78665817]
[4.66048928 2.78665817] [5.31316831 4.37536527]
[5.31316831 4.37536527] [5.06368002 4.92369305]
[5.06368002 4.92369305] [1.85404135 4.01069198]
[32, 31, 30, 29, 28]
True
[1.14138818 4.48179353] [2.20840814 6.54012604]
[2.20840814 6.54012604] [3.40087796 7.02583046]
[3.40087796 7.02583046] [3.68078646 6.96328912]
[3.68078646 6.96328912] [4.32657774 6.25618588]
[4.32657774 6.25618588] [4.54754846 5.83672444]
[4.54754846 5.83672444] [1.59110703 4.13435071]
[1.59110703 4.13435071] [1.41986616 4.20101673]
[1.41986616 4.20101673] [1.14138818 4.48179353]
[9, 33, 34, 27, 25, 13, 7, 8]
False
[8, 7, 13, 25, 27, 34, 33, 9]
[1.17110406 1.82740751] [2.67185186 0.87081036]
[2.67185186 0.87081036] [3.47711542 2.49778206]
[3.47711542 2.49778206] [1.85404135 4.01069198]
[1.85404135 4.01069198] [1.59110703 4.13435071]
[1.59110703 4.13435071] [1.41986616 4.20101673]
[1.41986616 4.20101673] [1.17110406 1.82740751]
[4, 3, 31, 32, 7, 8]
True
[8.80371829 5.12758716] [7.21577174 3.99412527]
[7.21577174 3.99412527] [5.31316831 4.37536527]
[5.31316831 4.37536527] [5.06368002 4.92369305]
[5.06368002 4.92369305] [5.04624876 5.05327524]
[5.04624876 5.05327524] [7.90913513 7.20306901]
[7.90913513 7.20306901] [8.80371829 5.12758716]
[15, 18, 29, 28, 12, 11]
False
[11, 12, 28, 29, 18, 15]
[8.80371829 5.12758716] [7.21577174 3.99412527]
[7.21577174 3.99412527] [7.53232171 1.61068181]
[7.53232171 1.61068181] [9.27385372 2.30777031]
[9.27385372 2.30777031] [9.97559773 4.51689129]
[9.97559773 4.51689129] [9.39843162 4.87839778]
[9.39843162 4.87839778] [8.80371829 5.12758716]
[15, 18, 20, 14, 17, 16]
True
[3.71567718 7.00019611] [7.8311143  8.30171637]
[7.8311143  8.30171637] [7.87600837 8.17776388]
[7.87600837 8.17776388] [7.86945577 8.12381784]
[7.86945577 8.12381784] [4.32657774 6.25618588]
[4.32657774 6.25618588] [3.68078646 6.96328912]
[3.68078646 6.96328912] [3.71567718 7.00019611]
[26, 24, 22, 23, 25, 27]
False
[27, 25, 23, 22, 24, 26]
[3.71567718 7.00019611] [5.81989199 9.83999725]
[5.81989199 9.83999725] [ 6.69885323 10.13418051]
[ 6.69885323 10.13418051] [7.62308059 9.08220627]
[7.62308059 9.08220627] [7.8311143  8.30171637]
[7.8311143  8.30171637] [3.71567718 7.00019611]
[26, 0, 1, 6, 24]
False
[24, 6, 1, 0, 26]
[7.86945577 8.12381784] [7.90913513 7.20306901]
[7.90913513 7.20306901] [5.04624876 5.05327524]
[5.04624876 5.05327524] [4.54754846 5.83672444]
[4.54754846 5.83672444] [4.32657774 6.25618588]
[4.32657774 6.25618588] [7.86945577 8.12381784]
[23, 11, 12, 13, 25]
False
[25, 13, 12, 11, 23]
[3.68078646 6.96328912] [3.40087796 7.02583046]
[3.40087796 7.02583046] [2.20840814 6.54012604]
[2.20840814 6.54012604] [1.14138818 4.48179353]
[1.14138818 4.48179353] [1.41986616 4.20101673]
[1.41986616 4.20101673] [1.59110703 4.13435071]
[1.59110703 4.13435071] [4.54754846 5.83672444]
[4.54754846 5.83672444] [4.32657774 6.25618588]
[4.32657774 6.25618588] [3.68078646 6.96328912]
[27, 34, 33, 9, 8, 7, 13, 25]
True
[3.71567718 7.00019611] [5.81989199 9.83999725]
[5.81989199 9.83999725] [ 2.76158866 10.16840424]
[ 2.76158866 10.16840424] [2.51589582 9.8209388 ]
[2.51589582 9.8209388 ] [3.40087796 7.02583046]
[3.40087796 7.02583046] [3.68078646 6.96328912]
[3.68078646 6.96328912] [3.71567718 7.00019611]
[26, 0, 21, 39, 34, 27]
True
[9.58631918 0.02359626] [ 7.62308059 -0.91779373]
[ 7.62308059 -0.91779373] [6.69885323 0.13418051]
[6.69885323 0.13418051] [6.69945822 0.1631487 ]
[6.69945822 0.1631487 ] [7.53232171 1.61068181]
[7.53232171 1.61068181] [9.27385372 2.30777031]
[9.27385372 2.30777031] [10.06215622  1.60531305]
[10.06215622  1.60531305] [9.58631918 0.02359626]
[10, 6, 1, 19, 20, 14, 2]
False
[2, 14, 20, 19, 1, 6, 10]
[5.06368002 4.92369305] [1.85404135 4.01069198]
[1.85404135 4.01069198] [3.47711542 2.49778206]
[3.47711542 2.49778206] [4.66048928 2.78665817]
[4.66048928 2.78665817] [5.31316831 4.37536527]
[5.31316831 4.37536527] [5.06368002 4.92369305]
[28, 32, 31, 30, 29]
True
[5.06368002 4.92369305] [5.04624876 5.05327524]
[5.04624876 5.05327524] [4.54754846 5.83672444]
[4.54754846 5.83672444] [1.59110703 4.13435071]
[1.59110703 4.13435071] [1.85404135 4.01069198]
[1.85404135 4.01069198] [5.06368002 4.92369305]
[28, 12, 13, 7, 32]
True
[5.31316831 4.37536527] [7.21577174 3.99412527]
[7.21577174 3.99412527] [7.53232171 1.61068181]
[7.53232171 1.61068181] [6.69945822 0.1631487 ]
[6.69945822 0.1631487 ] [4.66048928 2.78665817]
[4.66048928 2.78665817] [5.31316831 4.37536527]
[29, 18, 20, 19, 30]
False
[30, 19, 20, 18, 29]
[5.06368002 4.92369305] [5.04624876 5.05327524]
[5.04624876 5.05327524] [7.90913513 7.20306901]
[7.90913513 7.20306901] [8.80371829 5.12758716]
[8.80371829 5.12758716] [7.21577174 3.99412527]
[7.21577174 3.99412527] [5.31316831 4.37536527]
[5.31316831 4.37536527] [5.06368002 4.92369305]
[28, 12, 11, 15, 18, 29]
False
[29, 18, 15, 11, 12, 28]
[3.68078646 6.96328912] [4.32657774 6.25618588]
[4.32657774 6.25618588] [7.86945577 8.12381784]
[7.86945577 8.12381784] [7.87600837 8.17776388]
[7.87600837 8.17776388] [7.8311143  8.30171637]
[7.8311143  8.30171637] [3.71567718 7.00019611]
[3.71567718 7.00019611] [3.68078646 6.96328912]
[27, 25, 23, 22, 24, 26]
True
[7.8311143  8.30171637] [7.62308059 9.08220627]
[7.62308059 9.08220627] [ 9.58631918 10.02359626]
[ 9.58631918 10.02359626] [10.93993427  9.80883079]
[10.93993427  9.80883079] [11.5470234   9.51837289]
[11.5470234   9.51837289] [10.68361727  7.85585442]
[10.68361727  7.85585442] [7.87600837 8.17776388]
[7.87600837 8.17776388] [7.8311143  8.30171637]
[24, 6, 10, 37, 38, 36, 22]
False
[22, 36, 38, 37, 10, 6, 24]
[3.71567718 7.00019611] [5.81989199 9.83999725]
[5.81989199 9.83999725] [ 6.69885323 10.13418051]
[ 6.69885323 10.13418051] [7.62308059 9.08220627]
[7.62308059 9.08220627] [7.8311143  8.30171637]
[7.8311143  8.30171637] [3.71567718 7.00019611]
[26, 0, 1, 6, 24]
False
[24, 6, 1, 0, 26]
[3.68078646 6.96328912] [4.32657774 6.25618588]
[4.32657774 6.25618588] [7.86945577 8.12381784]
[7.86945577 8.12381784] [7.87600837 8.17776388]
[7.87600837 8.17776388] [7.8311143  8.30171637]
[7.8311143  8.30171637] [3.71567718 7.00019611]
[3.71567718 7.00019611] [3.68078646 6.96328912]
[27, 25, 23, 22, 24, 26]
True
[7.86945577 8.12381784] [7.90913513 7.20306901]
[7.90913513 7.20306901] [8.80371829 5.12758716]
[8.80371829 5.12758716] [9.39843162 4.87839778]
[9.39843162 4.87839778] [10.77943386  7.71959212]
[10.77943386  7.71959212] [10.68361727  7.85585442]
[10.68361727  7.85585442] [7.87600837 8.17776388]
[7.87600837 8.17776388] [7.86945577 8.12381784]
[23, 11, 15, 16, 35, 36, 22]
True
[4.32657774 6.25618588] [4.54754846 5.83672444]
[4.54754846 5.83672444] [5.04624876 5.05327524]
[5.04624876 5.05327524] [7.90913513 7.20306901]
[7.90913513 7.20306901] [7.86945577 8.12381784]
[7.86945577 8.12381784] [4.32657774 6.25618588]
[25, 13, 12, 11, 23]
True
[3.71567718 7.00019611] [5.81989199 9.83999725]
[5.81989199 9.83999725] [ 6.69885323 10.13418051]
[ 6.69885323 10.13418051] [7.62308059 9.08220627]
[7.62308059 9.08220627] [7.8311143  8.30171637]
[7.8311143  8.30171637] [3.71567718 7.00019611]
[26, 0, 1, 6, 24]
False
[24, 6, 1, 0, 26]
[1.85404135 4.01069198] [5.06368002 4.92369305]
[5.06368002 4.92369305] [5.31316831 4.37536527]
[5.31316831 4.37536527] [4.66048928 2.78665817]
[4.66048928 2.78665817] [3.47711542 2.49778206]
[3.47711542 2.49778206] [1.85404135 4.01069198]
[32, 28, 29, 30, 31]
False
[31, 30, 29, 28, 32]
[5.31316831 4.37536527] [7.21577174 3.99412527]
[7.21577174 3.99412527] [8.80371829 5.12758716]
[8.80371829 5.12758716] [7.90913513 7.20306901]
[7.90913513 7.20306901] [5.04624876 5.05327524]
[5.04624876 5.05327524] [5.06368002 4.92369305]
[5.06368002 4.92369305] [5.31316831 4.37536527]
[29, 18, 15, 11, 12, 28]
True
[1.85404135 4.01069198] [1.59110703 4.13435071]
[1.59110703 4.13435071] [4.54754846 5.83672444]
[4.54754846 5.83672444] [5.04624876 5.05327524]
[5.04624876 5.05327524] [5.06368002 4.92369305]
[5.06368002 4.92369305] [1.85404135 4.01069198]
[32, 7, 13, 12, 28]
False
[28, 12, 13, 7, 32]
[4.66048928 2.78665817] [6.69945822 0.1631487 ]
[6.69945822 0.1631487 ] [7.53232171 1.61068181]
[7.53232171 1.61068181] [7.21577174 3.99412527]
[7.21577174 3.99412527] [5.31316831 4.37536527]
[5.31316831 4.37536527] [4.66048928 2.78665817]
[30, 19, 20, 18, 29]
True
[3.47711542 2.49778206] [2.67185186 0.87081036]
[2.67185186 0.87081036] [2.76158866 0.16840424]
[2.76158866 0.16840424] [ 5.81989199 -0.16000275]
[ 5.81989199 -0.16000275] [6.69885323 0.13418051]
[6.69885323 0.13418051] [6.69945822 0.1631487 ]
[6.69945822 0.1631487 ] [4.66048928 2.78665817]
[4.66048928 2.78665817] [3.47711542 2.49778206]
[31, 3, 21, 0, 1, 19, 30]
True
[1.85404135 4.01069198] [1.59110703 4.13435071]
[1.59110703 4.13435071] [1.41986616 4.20101673]
[1.41986616 4.20101673] [1.17110406 1.82740751]
[1.17110406 1.82740751] [2.67185186 0.87081036]
[2.67185186 0.87081036] [3.47711542 2.49778206]
[3.47711542 2.49778206] [1.85404135 4.01069198]
[32, 7, 8, 4, 3, 31]
True
[5.31316831 4.37536527] [4.66048928 2.78665817]
[4.66048928 2.78665817] [3.47711542 2.49778206]
[3.47711542 2.49778206] [1.85404135 4.01069198]
[1.85404135 4.01069198] [5.06368002 4.92369305]
[5.06368002 4.92369305] [5.31316831 4.37536527]
[29, 30, 31, 32, 28]
False
[28, 32, 31, 30, 29]
[5.06368002 4.92369305] [5.04624876 5.05327524]
[5.04624876 5.05327524] [4.54754846 5.83672444]
[4.54754846 5.83672444] [1.59110703 4.13435071]
[1.59110703 4.13435071] [1.85404135 4.01069198]
[1.85404135 4.01069198] [5.06368002 4.92369305]
[28, 12, 13, 7, 32]
True
[9.58631918 0.02359626] [ 7.62308059 -0.91779373]
[ 7.62308059 -0.91779373] [6.69885323 0.13418051]
[6.69885323 0.13418051] [6.69945822 0.1631487 ]
[6.69945822 0.1631487 ] [7.53232171 1.61068181]
[7.53232171 1.61068181] [9.27385372 2.30777031]
[9.27385372 2.30777031] [10.06215622  1.60531305]
[10.06215622  1.60531305] [9.58631918 0.02359626]
[10, 6, 1, 19, 20, 14, 2]
False
[2, 14, 20, 19, 1, 6, 10]
[7.21577174 3.99412527] [5.31316831 4.37536527]
[5.31316831 4.37536527] [4.66048928 2.78665817]
[4.66048928 2.78665817] [6.69945822 0.1631487 ]
[6.69945822 0.1631487 ] [7.53232171 1.61068181]
[7.53232171 1.61068181] [7.21577174 3.99412527]
[18, 29, 30, 19, 20]
True
[8.80371829 5.12758716] [7.90913513 7.20306901]
[7.90913513 7.20306901] [5.04624876 5.05327524]
[5.04624876 5.05327524] [5.06368002 4.92369305]
[5.06368002 4.92369305] [5.31316831 4.37536527]
[5.31316831 4.37536527] [7.21577174 3.99412527]
[7.21577174 3.99412527] [8.80371829 5.12758716]
[15, 11, 12, 28, 29, 18]
True
[3.47711542 2.49778206] [1.85404135 4.01069198]
[1.85404135 4.01069198] [1.59110703 4.13435071]
[1.59110703 4.13435071] [1.41986616 4.20101673]
[1.41986616 4.20101673] [1.17110406 1.82740751]
[1.17110406 1.82740751] [2.67185186 0.87081036]
[2.67185186 0.87081036] [3.47711542 2.49778206]
[31, 32, 7, 8, 4, 3]
True
[3.47711542 2.49778206] [4.66048928 2.78665817]
[4.66048928 2.78665817] [5.31316831 4.37536527]
[5.31316831 4.37536527] [5.06368002 4.92369305]
[5.06368002 4.92369305] [1.85404135 4.01069198]
[1.85404135 4.01069198] [3.47711542 2.49778206]
[31, 30, 29, 28, 32]
True
[1.59110703 4.13435071] [4.54754846 5.83672444]
[4.54754846 5.83672444] [5.04624876 5.05327524]
[5.04624876 5.05327524] [5.06368002 4.92369305]
[5.06368002 4.92369305] [1.85404135 4.01069198]
[1.85404135 4.01069198] [1.59110703 4.13435071]
[7, 13, 12, 28, 32]
False
[32, 28, 12, 13, 7]
[1.41986616 4.20101673] [1.14138818 4.48179353]
[1.14138818 4.48179353] [2.20840814 6.54012604]
[2.20840814 6.54012604] [3.40087796 7.02583046]
[3.40087796 7.02583046] [3.68078646 6.96328912]
[3.68078646 6.96328912] [4.32657774 6.25618588]
[4.32657774 6.25618588] [4.54754846 5.83672444]
[4.54754846 5.83672444] [1.59110703 4.13435071]
[1.59110703 4.13435071] [1.41986616 4.20101673]
[8, 9, 33, 34, 27, 25, 13, 7]
False
[7, 13, 25, 27, 34, 33, 9, 8]
[1.17110406 1.82740751] [0.66850902 1.62828985]
[0.66850902 1.62828985] [0.06215622 1.60531305]
[0.06215622 1.60531305] [-0.72614628  2.30777031]
[-0.72614628  2.30777031] [-0.02440227  4.51689129]
[-0.02440227  4.51689129] [1.14138818 4.48179353]
[1.14138818 4.48179353] [1.41986616 4.20101673]
[1.41986616 4.20101673] [1.17110406 1.82740751]
[4, 5, 2, 14, 17, 9, 8]
False
[8, 9, 17, 14, 2, 5, 4]
[2.67185186 0.87081036] [2.76158866 0.16840424]
[2.76158866 0.16840424] [ 2.51589582 -0.1790612 ]
[ 2.51589582 -0.1790612 ] [ 1.5470234  -0.48162711]
[ 1.5470234  -0.48162711] [ 0.93993427 -0.19116921]
[ 0.93993427 -0.19116921] [0.66850902 1.62828985]
[0.66850902 1.62828985] [1.17110406 1.82740751]
[1.17110406 1.82740751] [2.67185186 0.87081036]
[3, 21, 39, 38, 37, 5, 4]
False
[4, 5, 37, 38, 39, 21, 3]
[3.47711542 2.49778206] [4.66048928 2.78665817]
[4.66048928 2.78665817] [6.69945822 0.1631487 ]
[6.69945822 0.1631487 ] [6.69885323 0.13418051]
[6.69885323 0.13418051] [ 5.81989199 -0.16000275]
[ 5.81989199 -0.16000275] [2.76158866 0.16840424]
[2.76158866 0.16840424] [2.67185186 0.87081036]
[2.67185186 0.87081036] [3.47711542 2.49778206]
[31, 30, 19, 1, 0, 21, 3]
False
[3, 21, 0, 1, 19, 30, 31]
[3.40087796 7.02583046] [3.68078646 6.96328912]
[3.68078646 6.96328912] [4.32657774 6.25618588]
[4.32657774 6.25618588] [4.54754846 5.83672444]
[4.54754846 5.83672444] [1.59110703 4.13435071]
[1.59110703 4.13435071] [1.41986616 4.20101673]
[1.41986616 4.20101673] [1.14138818 4.48179353]
[1.14138818 4.48179353] [2.20840814 6.54012604]
[2.20840814 6.54012604] [3.40087796 7.02583046]
[34, 27, 25, 13, 7, 8, 9, 33]
False
[33, 9, 8, 7, 13, 25, 27, 34]
[0.77943386 7.71959212] [-0.60156838  4.87839778]
[-0.60156838  4.87839778] [-0.02440227  4.51689129]
[-0.02440227  4.51689129] [1.14138818 4.48179353]
[1.14138818 4.48179353] [2.20840814 6.54012604]
[2.20840814 6.54012604] [0.77943386 7.71959212]
[35, 16, 17, 9, 33]
True
[0.68361727 7.85585442] [-2.12399163  8.17776388]
[-2.12399163  8.17776388] [-2.13054423  8.12381784]
[-2.13054423  8.12381784] [-2.09086487  7.20306901]
[-2.09086487  7.20306901] [-1.19628171  5.12758716]
[-1.19628171  5.12758716] [-0.60156838  4.87839778]
[-0.60156838  4.87839778] [0.77943386 7.71959212]
[0.77943386 7.71959212] [0.68361727 7.85585442]
[36, 22, 23, 11, 15, 16, 35]
True
[2.51589582 9.8209388 ] [ 2.76158866 10.16840424]
[ 2.76158866 10.16840424] [5.81989199 9.83999725]
[5.81989199 9.83999725] [3.71567718 7.00019611]
[3.71567718 7.00019611] [3.68078646 6.96328912]
[3.68078646 6.96328912] [3.40087796 7.02583046]
[3.40087796 7.02583046] [2.51589582 9.8209388 ]
[39, 21, 0, 26, 27, 34]
False
[34, 27, 26, 0, 21, 39]
[2.51589582 9.8209388 ] [ 2.76158866 10.16840424]
[ 2.76158866 10.16840424] [ 2.67185186 10.87081036]
[ 2.67185186 10.87081036] [ 1.17110406 11.82740751]
[ 1.17110406 11.82740751] [ 0.66850902 11.62828985]
[ 0.66850902 11.62828985] [0.93993427 9.80883079]
[0.93993427 9.80883079] [1.5470234  9.51837289]
[1.5470234  9.51837289] [2.51589582 9.8209388 ]
[39, 21, 3, 4, 5, 37, 38]
True
[0.77943386 7.71959212] [-0.60156838  4.87839778]
[-0.60156838  4.87839778] [-0.02440227  4.51689129]
[-0.02440227  4.51689129] [1.14138818 4.48179353]
[1.14138818 4.48179353] [2.20840814 6.54012604]
[2.20840814 6.54012604] [0.77943386 7.71959212]
[35, 16, 17, 9, 33]
True
[1.14138818 4.48179353] [1.41986616 4.20101673]
[1.41986616 4.20101673] [1.17110406 1.82740751]
[1.17110406 1.82740751] [0.66850902 1.62828985]
[0.66850902 1.62828985] [0.06215622 1.60531305]
[0.06215622 1.60531305] [-0.72614628  2.30777031]
[-0.72614628  2.30777031] [-0.02440227  4.51689129]
[-0.02440227  4.51689129] [1.14138818 4.48179353]
[9, 8, 4, 5, 2, 14, 17]
False
[17, 14, 2, 5, 4, 8, 9]
[9.39843162 4.87839778] [8.80371829 5.12758716]
[8.80371829 5.12758716] [7.21577174 3.99412527]
[7.21577174 3.99412527] [7.53232171 1.61068181]
[7.53232171 1.61068181] [9.27385372 2.30777031]
[9.27385372 2.30777031] [9.97559773 4.51689129]
[9.97559773 4.51689129] [9.39843162 4.87839778]
[16, 15, 18, 20, 14, 17]
True
[0.77943386 7.71959212] [0.68361727 7.85585442]
[0.68361727 7.85585442] [1.5470234  9.51837289]
[1.5470234  9.51837289] [2.51589582 9.8209388 ]
[2.51589582 9.8209388 ] [3.40087796 7.02583046]
[3.40087796 7.02583046] [2.20840814 6.54012604]
[2.20840814 6.54012604] [0.77943386 7.71959212]
[35, 36, 38, 39, 34, 33]
False
[33, 34, 39, 38, 36, 35]
[3.68078646 6.96328912] [4.32657774 6.25618588]
[4.32657774 6.25618588] [7.86945577 8.12381784]
[7.86945577 8.12381784] [7.87600837 8.17776388]
[7.87600837 8.17776388] [7.8311143  8.30171637]
[7.8311143  8.30171637] [3.71567718 7.00019611]
[3.71567718 7.00019611] [3.68078646 6.96328912]
[27, 25, 23, 22, 24, 26]
True
[7.86945577 8.12381784] [7.90913513 7.20306901]
[7.90913513 7.20306901] [8.80371829 5.12758716]
[8.80371829 5.12758716] [9.39843162 4.87839778]
[9.39843162 4.87839778] [10.77943386  7.71959212]
[10.77943386  7.71959212] [10.68361727  7.85585442]
[10.68361727  7.85585442] [7.87600837 8.17776388]
[7.87600837 8.17776388] [7.86945577 8.12381784]
[23, 11, 15, 16, 35, 36, 22]
True
[7.8311143  8.30171637] [7.62308059 9.08220627]
[7.62308059 9.08220627] [ 9.58631918 10.02359626]
[ 9.58631918 10.02359626] [10.93993427  9.80883079]
[10.93993427  9.80883079] [11.5470234   9.51837289]
[11.5470234   9.51837289] [10.68361727  7.85585442]
[10.68361727  7.85585442] [7.87600837 8.17776388]
[7.87600837 8.17776388] [7.8311143  8.30171637]
[24, 6, 10, 37, 38, 36, 22]
False
[22, 36, 38, 37, 10, 6, 24]
[4.32657774 6.25618588] [4.54754846 5.83672444]
[4.54754846 5.83672444] [5.04624876 5.05327524]
[5.04624876 5.05327524] [7.90913513 7.20306901]
[7.90913513 7.20306901] [7.86945577 8.12381784]
[7.86945577 8.12381784] [4.32657774 6.25618588]
[25, 13, 12, 11, 23]
True
[3.71567718 7.00019611] [5.81989199 9.83999725]
[5.81989199 9.83999725] [ 6.69885323 10.13418051]
[ 6.69885323 10.13418051] [7.62308059 9.08220627]
[7.62308059 9.08220627] [7.8311143  8.30171637]
[7.8311143  8.30171637] [3.71567718 7.00019611]
[26, 0, 1, 6, 24]
False
[24, 6, 1, 0, 26]
[3.68078646 6.96328912] [3.40087796 7.02583046]
[3.40087796 7.02583046] [2.20840814 6.54012604]
[2.20840814 6.54012604] [1.14138818 4.48179353]
[1.14138818 4.48179353] [1.41986616 4.20101673]
[1.41986616 4.20101673] [1.59110703 4.13435071]
[1.59110703 4.13435071] [4.54754846 5.83672444]
[4.54754846 5.83672444] [4.32657774 6.25618588]
[4.32657774 6.25618588] [3.68078646 6.96328912]
[27, 34, 33, 9, 8, 7, 13, 25]
True
[3.68078646 6.96328912] [3.40087796 7.02583046]
[3.40087796 7.02583046] [2.51589582 9.8209388 ]
[2.51589582 9.8209388 ] [ 2.76158866 10.16840424]
[ 2.76158866 10.16840424] [5.81989199 9.83999725]
[5.81989199 9.83999725] [3.71567718 7.00019611]
[3.71567718 7.00019611] [3.68078646 6.96328912]
[27, 34, 39, 21, 0, 26]
False
[26, 0, 21, 39, 34, 27]
[1.85404135 4.01069198] [5.06368002 4.92369305]
[5.06368002 4.92369305] [5.31316831 4.37536527]
[5.31316831 4.37536527] [4.66048928 2.78665817]
[4.66048928 2.78665817] [3.47711542 2.49778206]
[3.47711542 2.49778206] [1.85404135 4.01069198]
[32, 28, 29, 30, 31]
False
[31, 30, 29, 28, 32]
[5.31316831 4.37536527] [7.21577174 3.99412527]
[7.21577174 3.99412527] [8.80371829 5.12758716]
[8.80371829 5.12758716] [7.90913513 7.20306901]
[7.90913513 7.20306901] [5.04624876 5.05327524]
[5.04624876 5.05327524] [5.06368002 4.92369305]
[5.06368002 4.92369305] [5.31316831 4.37536527]
[29, 18, 15, 11, 12, 28]
True
[1.85404135 4.01069198] [1.59110703 4.13435071]
[1.59110703 4.13435071] [4.54754846 5.83672444]
[4.54754846 5.83672444] [5.04624876 5.05327524]
[5.04624876 5.05327524] [5.06368002 4.92369305]
[5.06368002 4.92369305] [1.85404135 4.01069198]
[32, 7, 13, 12, 28]
False
[28, 12, 13, 7, 32]
[4.66048928 2.78665817] [6.69945822 0.1631487 ]
[6.69945822 0.1631487 ] [7.53232171 1.61068181]
[7.53232171 1.61068181] [7.21577174 3.99412527]
[7.21577174 3.99412527] [5.31316831 4.37536527]
[5.31316831 4.37536527] [4.66048928 2.78665817]
[30, 19, 20, 18, 29]
True
[1.85404135 4.01069198] [1.59110703 4.13435071]
[1.59110703 4.13435071] [1.41986616 4.20101673]
[1.41986616 4.20101673] [1.17110406 1.82740751]
[1.17110406 1.82740751] [2.67185186 0.87081036]
[2.67185186 0.87081036] [3.47711542 2.49778206]
[3.47711542 2.49778206] [1.85404135 4.01069198]
[32, 7, 8, 4, 3, 31]
True
[0.93993427 9.80883079] [ 0.66850902 11.62828985]
[ 0.66850902 11.62828985] [ 1.17110406 11.82740751]
[ 1.17110406 11.82740751] [ 2.67185186 10.87081036]
[ 2.67185186 10.87081036] [ 2.76158866 10.16840424]
[ 2.76158866 10.16840424] [2.51589582 9.8209388 ]
[2.51589582 9.8209388 ] [1.5470234  9.51837289]
[1.5470234  9.51837289] [0.93993427 9.80883079]
[37, 5, 4, 3, 21, 39, 38]
False
[38, 39, 21, 3, 4, 5, 37]
[1.17110406 1.82740751] [1.41986616 4.20101673]
[1.41986616 4.20101673] [1.59110703 4.13435071]
[1.59110703 4.13435071] [1.85404135 4.01069198]
[1.85404135 4.01069198] [3.47711542 2.49778206]
[3.47711542 2.49778206] [2.67185186 0.87081036]
[2.67185186 0.87081036] [1.17110406 1.82740751]
[4, 8, 7, 32, 31, 3]
False
[3, 31, 32, 7, 8, 4]
[2.76158866 0.16840424] [ 5.81989199 -0.16000275]
[ 5.81989199 -0.16000275] [6.69885323 0.13418051]
[6.69885323 0.13418051] [6.69945822 0.1631487 ]
[6.69945822 0.1631487 ] [4.66048928 2.78665817]
[4.66048928 2.78665817] [3.47711542 2.49778206]
[3.47711542 2.49778206] [2.67185186 0.87081036]
[2.67185186 0.87081036] [2.76158866 0.16840424]
[21, 0, 1, 19, 30, 31, 3]
True
[2.51589582 9.8209388 ] [3.40087796 7.02583046]
[3.40087796 7.02583046] [3.68078646 6.96328912]
[3.68078646 6.96328912] [3.71567718 7.00019611]
[3.71567718 7.00019611] [5.81989199 9.83999725]
[5.81989199 9.83999725] [ 2.76158866 10.16840424]
[ 2.76158866 10.16840424] [2.51589582 9.8209388 ]
[39, 34, 27, 26, 0, 21]
True
[0.66850902 1.62828985] [0.06215622 1.60531305]
[0.06215622 1.60531305] [-0.72614628  2.30777031]
[-0.72614628  2.30777031] [-0.02440227  4.51689129]
[-0.02440227  4.51689129] [1.14138818 4.48179353]
[1.14138818 4.48179353] [1.41986616 4.20101673]
[1.41986616 4.20101673] [1.17110406 1.82740751]
[1.17110406 1.82740751] [0.66850902 1.62828985]
[5, 2, 14, 17, 9, 8, 4]
False
[4, 8, 9, 17, 14, 2, 5]
[0.93993427 9.80883079] [-0.41368082 10.02359626]
[-0.41368082 10.02359626] [ 0.06215622 11.60531305]
[ 0.06215622 11.60531305] [ 0.66850902 11.62828985]
[ 0.66850902 11.62828985] [0.93993427 9.80883079]
[37, 10, 2, 5]
False
[5, 2, 10, 37]
[1.5470234  9.51837289] [0.68361727 7.85585442]
[0.68361727 7.85585442] [0.77943386 7.71959212]
[0.77943386 7.71959212] [2.20840814 6.54012604]
[2.20840814 6.54012604] [3.40087796 7.02583046]
[3.40087796 7.02583046] [2.51589582 9.8209388 ]
[2.51589582 9.8209388 ] [1.5470234  9.51837289]
[38, 36, 35, 33, 34, 39]
True
[0.93993427 9.80883079] [-0.41368082 10.02359626]
[-0.41368082 10.02359626] [-2.37691941  9.08220627]
[-2.37691941  9.08220627] [-2.1688857   8.30171637]
[-2.1688857   8.30171637] [-2.12399163  8.17776388]
[-2.12399163  8.17776388] [0.68361727 7.85585442]
[0.68361727 7.85585442] [1.5470234  9.51837289]
[1.5470234  9.51837289] [0.93993427 9.80883079]
[37, 10, 6, 24, 22, 36, 38]
True
[0.66850902 1.62828985] [ 0.93993427 -0.19116921]
[ 0.93993427 -0.19116921] [ 1.5470234  -0.48162711]
[ 1.5470234  -0.48162711] [ 2.51589582 -0.1790612 ]
[ 2.51589582 -0.1790612 ] [2.76158866 0.16840424]
[2.76158866 0.16840424] [2.67185186 0.87081036]
[2.67185186 0.87081036] [1.17110406 1.82740751]
[1.17110406 1.82740751] [0.66850902 1.62828985]
[5, 37, 38, 39, 21, 3, 4]
True
[0.66850902 1.62828985] [0.06215622 1.60531305]
[0.06215622 1.60531305] [-0.41368082  0.02359626]
[-0.41368082  0.02359626] [ 0.93993427 -0.19116921]
[ 0.93993427 -0.19116921] [0.66850902 1.62828985]
[5, 2, 10, 37]
True
[1.5470234  9.51837289] [0.68361727 7.85585442]
[0.68361727 7.85585442] [-2.12399163  8.17776388]
[-2.12399163  8.17776388] [-2.1688857   8.30171637]
[-2.1688857   8.30171637] [-2.37691941  9.08220627]
[-2.37691941  9.08220627] [-0.41368082 10.02359626]
[-0.41368082 10.02359626] [0.93993427 9.80883079]
[0.93993427 9.80883079] [1.5470234  9.51837289]
[38, 36, 22, 24, 6, 10, 37]
False
[37, 10, 6, 24, 22, 36, 38]
[2.51589582 9.8209388 ] [3.40087796 7.02583046]
[3.40087796 7.02583046] [2.20840814 6.54012604]
[2.20840814 6.54012604] [0.77943386 7.71959212]
[0.77943386 7.71959212] [0.68361727 7.85585442]
[0.68361727 7.85585442] [1.5470234  9.51837289]
[1.5470234  9.51837289] [2.51589582 9.8209388 ]
[39, 34, 33, 35, 36, 38]
False
[38, 36, 35, 33, 34, 39]
[2.76158866 0.16840424] [ 5.81989199 -0.16000275]
[ 5.81989199 -0.16000275] [ 3.71567718 -2.99980389]
[ 3.71567718 -2.99980389] [ 3.68078646 -3.03671088]
[ 3.68078646 -3.03671088] [ 3.40087796 -2.97416954]
[ 3.40087796 -2.97416954] [ 2.51589582 -0.1790612 ]
[ 2.51589582 -0.1790612 ] [2.76158866 0.16840424]
[21, 0, 26, 27, 34, 39]
False
[39, 34, 27, 26, 0, 21]
[2.67185186 0.87081036] [3.47711542 2.49778206]
[3.47711542 2.49778206] [4.66048928 2.78665817]
[4.66048928 2.78665817] [6.69945822 0.1631487 ]
[6.69945822 0.1631487 ] [6.69885323 0.13418051]
[6.69885323 0.13418051] [ 5.81989199 -0.16000275]
[ 5.81989199 -0.16000275] [2.76158866 0.16840424]
[2.76158866 0.16840424] [2.67185186 0.87081036]
[3, 31, 30, 19, 1, 0, 21]
False
[21, 0, 1, 19, 30, 31, 3]
[1.17110406 1.82740751] [1.41986616 4.20101673]
[1.41986616 4.20101673] [1.59110703 4.13435071]
[1.59110703 4.13435071] [1.85404135 4.01069198]
[1.85404135 4.01069198] [3.47711542 2.49778206]
[3.47711542 2.49778206] [2.67185186 0.87081036]
[2.67185186 0.87081036] [1.17110406 1.82740751]
[4, 8, 7, 32, 31, 3]
False
[3, 31, 32, 7, 8, 4]
[0.66850902 1.62828985] [0.06215622 1.60531305]
[0.06215622 1.60531305] [-0.72614628  2.30777031]
[-0.72614628  2.30777031] [-0.02440227  4.51689129]
[-0.02440227  4.51689129] [1.14138818 4.48179353]
[1.14138818 4.48179353] [1.41986616 4.20101673]
[1.41986616 4.20101673] [1.17110406 1.82740751]
[1.17110406 1.82740751] [0.66850902 1.62828985]
[5, 2, 14, 17, 9, 8, 4]
False
[4, 8, 9, 17, 14, 2, 5]
[7.53232171 1.61068181] [7.21577174 3.99412527]
[7.21577174 3.99412527] [8.80371829 5.12758716]
[8.80371829 5.12758716] [9.39843162 4.87839778]
[9.39843162 4.87839778] [9.97559773 4.51689129]
[9.97559773 4.51689129] [9.27385372 2.30777031]
[9.27385372 2.30777031] [7.53232171 1.61068181]
[20, 18, 15, 16, 17, 14]
False
[14, 17, 16, 15, 18, 20]
